Unterredungen und 6611666116616166666166116666 616. 31

66619161616616616666 16616166, 6161 6161106616616. 11666
161666 suge, 6116161166, 11661661- 6611116116661661661166 66-
sammen, 6161 mehr, 616 116 11661661661166 611616, 661611661661
, 6166 16661666 61611136 Behauptung; 616111

Simpl. 11666 kann man 616116116666666166,

Salv. Frage 161 666, 6616616111661661661166 6661611, 66λ
kann man 16116161611661666166, 6166 666161 616 6611666616
61611, 1666166166 Quam-at 161 6166 1166661, jode 1166661 161116
Quadra, kein (1661661161 mehr 616 6166 1166661, 16166 1166661
mehr 616 616 11661661. ·

Simpl. 1161116666666 6161113. .

Salv. Wenn 161 666 6166 stage, 616616116666166161166,
66 kann 6666 616111663666, 1666 6166166 66 661166161 66166, 616
116 6666666616 16116666116, 1666 66 61611 166166 zahl, die 61611
11166661 616661166166166 66666. steht dieses 1661, so muss 6666
sagon, 1666 66 6166666161 Quadrato 616 11666616 6116, 16 616 66
zahl 616666 gross 616 1166 11666616 6161, 661 6116161166 6161
11666616 661 1661 666166 616 6616666, 6116 1616166 66166 mehr
616 6116 Quadrato, 16166· 36166666 ’11611166661166 11161166616616
6161. 1161 6616161161 6116661 1162611 166116616616 immor mehr
61, je 3616666116 161166 666166; 1666116 16661661 66 10 Qua-
16616, (1.1. 166 1611611161 6661661661; 116 10000 ist 166
16616611 11666 6661661661, 116 1 000000 666166 1001. Τ1611;

661116 66 61666 6666611161 3666666 Ζ611, 6666 616 616 66166666 -

1166166, 66166166 616 sagon, giebt 66 666161 Quadrato, wie 6116
261166 zusammen. ·

8696. 11166161 1666 66 1166, 666 61666 1116611666 66 ge-
6166661

Salv. 161 6616 1661666 661666 Ausweg 61666 sagon, 66661-
1161 161 116 6166611 61166 161166, 666611161 116 1660661616, 66-
6611161 116 166 111666616;666166 161 116 116666 166 Quadrato
kleiner 616 116 1661616166, 6661 161 116116666 166161616666
grewen und 6611666166 haben 116 6111611616 166 (11616166, 166
1161666666 661 166 Κ16166666 61611 6161161166611161666, 666-
1666 616 661166666161 661116166 (1616666. ι6116 Η666 Simplicio
6616 66616666 666161616116166 66616616 6616161166616, 616 66
16616166 661, 166611636166666 61611 mehr Ρ66116 1616, 616
11611616666, 16· 6616661616 161, 1666 616 66166 mehr, noch
weniger, 6661 61616161611616; 6166 16161166 816661666616 66
66661116111616 Ρ661616. 1176161161 6166, 6666 161 ihm gesagt
16116, 116 6166 1616 666161 Ρ661616 616 66 (1661661661166 gieht,
6166 661666 66166666 666161, 616 161166 6661666166 6161, 16 einer,

 

