Unterredungen 110 1111111111111 111111111111111 111. 69

111 11111111 11 1111111101111 Medion finden, 11011 11111111
011 1111111101111111011111101 011Μ101111 111 Auegangspunkt
111111, 1110111 11011 111 011 111111111111 011 1111111111
11111011 011 11101111 1111111111 Zinn 111 1. Β. 1000111
11111111 1111111101111111 111 011 Fellgesehwindigkeit in
1000 Γ111111, 11 bewegt 11 1111 11 11111 111 000, degegen im
1111111 111 111 000. Sei ein 110111111111 111111111111111,
111, 1. Β. Steineiehenhelz, und wiege ein 11111 01111 1000
111111111, 011 1111111111101 Waesermenge 050, 1111 01111112,
ee 111111 111 011 1111111111(11111110111111111 1000 (111011
q in 1111 008 1111, 11 1111111111 50, 01 0111111111 050 111-
11111, 110 11150 1111111 0111111111111· 1111011111 gegen
20 111 111111111 1111111 fallen 111 11 1111111; 0111 011111111-
111111 111111 (1111111110111011 01111111111111111 011 20111
’11111011 Eigengewiehtes. 1110 111 111111101111 erinnem,
. 0111 1111 Bewegung im 1111111 1111 11111 111 1011111 1110,
1111 011 1111111111 (1111111 1101111 111 11101101111111111,
110 011 1110 Kenper viele 1110111 111 11111111 111 1111; 11
1111 011 Gesehwindigkeiten in 1111110111111111 1111011,
1101111 1111111 1111111111111111 11111111, 0111 0111111
gar keinen Widerstnnd 01111111, 110011 (1111111101111111 gleieh
der 111111111 111, 01 111111111 011 Mehrgewieht 011 1111111·
gegen Waeser finden kann, 11 1101111 winengen, die (11111111-

’ 0131111111 1111111101111111111111111 1111 111111 111 011

11111111 (1111111 111 111111111111 uber 011 (11111111111111.
Ein 11111111111111 wiege 20 111111, 01111111 11111111111111111
17, 011 Gesehwindigkeiten 011 111111111111111111 110 1111111
11111111111111111111111 111 20 11 3. ·

Saqr. Eine 11111111311111 Errungensehaft ist mir in 11111
01111111 1111111111111 Frage erwaeheen·‚ 11111 111111111111,
111011 vergeblieh, neehgedaeht habe: 11 01111 111111111111111

’ 1111111111 11111 nur 11111111Μ111οο1, 011 (11111110111111

1111311111 nu 1111111 11 111111111, 110 01111 zngleieh 11
1101111 Κο11111.

Simpl. Wenn aber 1111 fende, 0111 0111111111111111111,

1110111111111131111 1111111, 111 11101 011111111111111011
ganne Untereuehung‚ 011 111, abgesehen 1111111, 1111 111111111
1111111111

Sale. 1110111 1111111 111 engen, 0111 011 11111111111 111111,
11111111011111 genesen. 11111111111111111111 11 011 8111111
0111111, 111111 gegen 011111111111113011 Aristotelen, 011-
1111111 alle 11111111 11111111 11111, 1111 011 111111 1111, 111

 

