64 s 11611166 (1111161.

11611 1161166161, 6161 6116 61161611116116Κ1611, 1161611161-
111611116161611 darbieten soll.

Sayr. 161 1616 11611616 11616166116 Β611661111ς61 1161·-
1161111 61161 1116111116 1166166 Α161611111616 gesundon: ,
1111161111 116111111 611 Β61611161, 166 161 11611161166161161

11611; 1611 116116 1111611611 11106116161111166161 1611166661-
’ 116116161 1161161161 161, wie kommt es, 1666116111161 grosse
Wassertropfen sich 61161161 11111161- 1161616116 61111611-
11111611, -ohne zu zergehen und ohne 61616161111611611 1

Salv. Obwohl ein 16161, 161 66116 Α161611111 116 11611186 ,

1111, 61161 11111161111661 16666161 11116616, so wago 161 6616166 ’

11 161116361161161161661 11611, 6161 16116111111611611 soll

und 1611 116116111611116111111161. 111161611616116161, 11611 =

zu wissen. wie die 116666111611616161611 1611Β16116 6161 61-

161161, 6111611161 616161 16166, 16661116161111111611166 11611 1

hervorbringt3 66 11166 116 11166616 6166611611 5661611 werden.
Dass 616 1161111161 hege, kann 1611161, 1116666161 vom vori-

ς6111166111611,1111 611611 16161 6611 66116361161 16661661. 1
11611 116 ’116116 166 6161116661161 116666111611616, 1611611 ¹

16166116 vonLuftumgeben ist, einen 1116161 (11111 zum Zu-
6611161161161 111161, 66 161116 66161661661 6161616161611111161,
161161611611611111661113 6161 16111161, 11 11616161 616
- 11611661 1611611 111161 116161116111161, 616 11 161 11111ς 66161

. 611 Medium 111116 161611166111611, 116 66116161161616 11111,

1. Β. 11611; umgiebt 1161 6161 161 11666611161161 111111611, 66
16166 11661161, 611161 166 6161111161 111116, 6116 1666 116
1166661116116161, 116 161111616111113116113616116166116611161,
6161 6111116161ς 6161166 36661161111611 6161, 616 116 116 116116
1116616161166111611 1111, 116161 1661166661 66161161616161161-
161, 6116 6116111116116111161116611166111161161 16111611-
1161116166 66; 16161 111611 11611111 6166 von 616661111 1111116
1161161611 von 1611111161111161. 111111116116116111111616116
grosse Unvemagliohkoit 11166161 11111 1111166661, wie 16111
161661161161616116616611611616; 11611 161 6116 (1166111361,
116 6116 61360611116 hat, 61161116 6111116116111, 1111166661·
6111116, 111 11611161 116Κ1161, 66 6166111111, 11116116, 6ο 1116661
166 wasser, 611611666611 6611161161, 11611 161616, 111 116
11111, 116 166166161611161, 61613111611611161, 116116111161161
= 1611611 11116. 11611161 dagegen jones umgekehrt gehaltene
(161666 11 1161111611 661116, 1611161111 weniger 161611 1616161166661,
so sehon wir 161661161 66161111 161161 11161161 11 1661166661
116161 111 166 wasser 661111 6161 16136611 11 161 11611, 6116

 

