34 (1011100 (1011101.

, 10010 Α111011 0011 111111, 010001011101101011111011001110111101, 1
00111011 besson ist 00 11 00101, 01000101001101 01011101101101· T
01101010101 1011 0110111011 111 101001111101111101 101111, ¹
dass 1110110110 11011 11101 0110110110001010100110101, 11011
01000101 01101 1111000101 1011 11011 01101100101110111011 0101·
00 010010111 11011 1011111, 1000 010 1101111101 11000 001, 1101110110
01101010101011 101 und kann 110 1101111101 11000 0011. Und
00 1101101 wir 1001 Βο110101 1001101001011010 01101 1010101011
11110 100110110, 1000, 100 000 011101001; 01101 011011011111
11 1101111101 1101110110 101 nieht 11011101. 101 111110 1101011101
1111οο011101 01111000 011 81011100 001101110110 0111011, 01011101
1011011, und 10110110 11, 1000001110001101001101101110110, 01101
1010111011. 11011-0101 11110 101 hinnu: genade 00, wie 0110
11110 101 10101101, 10111101 101 10011011 1011011101, und zn-
110101 40111101 101 10 01101 11110, und 80111101 1011 01101
101101 11110, 00 101 010 1101111101 11010 Ρ1111110; 10101010 110101
111 0011011 01101 1010111011101101,11011110111; 101, Hert Sim-
plicio, 1110110110 mich in 1110001 1111011111 Ι1101Α10101111111
111011 11111011.

Simpl. 10111011 11011111111, 111101 Βο11011 111 nollent 0101
101 1110110 0011, dass 1100 1101011011110 1111101101 110101Ρ111110
1111 011010100110 0111110101·’1101101110101110101011001; 011011
111111 00 111101 11011 00 101011 0011 die 101010101111011 110111-
1101 11010 Ρ111110 11 1101101, 01010101 Philosophen in 10 101101
01101 11 40 111101; 01111101 0010111 00 mir 1111011101 1010 ’1101-
11111 1111111101 01011111101, 0011000 11000110 011 101011011011101-
1011 0011 wind, ohne 10 00110111011101011101101. ’

Sal . 11011 0110 80010 00111011110111111111111111110,
1101011111 01101 11 101101 neit 0101011111 worden kann, 00
111111 010 110111101110111111011101, 110111011101110, 0101111101
010111011101011 0110 1111011 1000 ’110110 0110111037-01101
0110 0111010 110000 Ρ11110011 - 11011010111011 101 0101 1100,
1100 111 0110 1111011010 Γ1110111111 10111, 11101 auf 0110111110
11111011Ρ100000 101110110, 1010110 00 0111001, wie 1011 0111010
40 110110 011010101, 11111101 111 010 11011 0101 1011011000011

nimpe. 111000 Α111101Βο1011111111111110 111101101111110 0011
10101101; 111011111101101011011101 nur 0111111011, 11000 1110 11
110010111001011101010111110111111 mehr 1110 1011110111 0011 0011,
11011 010 01101 111 1101 01101 Γ1101111111110001110110 110101
110110. ’

Salv. Ι10111111111011111011 0110000101, 1101111101 111 0101011101
werden: 11011 10110111 0110111110 111110110111101110101Ρ111110

 

