76 (1011100 (1011101.

50 (1100, 1010100100 0100 1001 100 (1100, 00010110110110110
01000 011100 1110100100 Βο300, 000 000101001 31οο000 11010111·
100 101110300300 1001101 00 00111οε01101 10111010. 1000 dieser
Sohwingungen 1010011 10 01001 30110000 0101010103101011101-
1000001011 10 1110000, 0011011 010100 00 (1100110110, 010010
100 50, 20, 10, 4 (110ος so dass 010 (100011100131011 0110011101
01011001, 0010 31010100 101100 immor 11010010 Βο300 10001110-
100 werden. 1110011 1110110100, ja ganz 00000110010130030011-
1000 wir heim 1101101011, 1000 01 00010001 010000100300
10000101001131101, 0010000 01 000101001 110100100 Anzahl
von Schwingungen 000 1101011010οᾶ 01101011, 00 01110300 001-
001101011131011 11001301 110011 101, 000 11100101000 001 11011
10 1101010000 0100 0110 1011103003011 300010100 10 31010100
101100 000 0001 0010100010011001011, wie 010 000 Β10100. 110-
10110100 1101113, 0000, 11011000 010 Β10110301 01000 Βο300 100
50 (1100 1000110111 und 310101101113 010 1101110301 01110 001
10 (1100, 00111011 010110030001011011031010 000 Β101; 0101
010000 kann 001Κο11 50 (110010100110300, 000 Β1010030300
10 00010, 00 101 0111110 0011 000 Β101, 1101 001 1101110 30-

, 00111000101Βο003003; 0101 11000 010 300000100 1101110110

31010100 101100 3101010 Βο300 10001101100, 001111 11110 01101 010
(100010100131011 0010011011 0103101010 0010.

Simpl. Μ11010010101 010100101010 11011131010101001, 101
1111001101 so 1011111111, 0000 10111010 001 0100, 1010 001 000010 “
010 0010010011010, 0000 wieder 010001 100300010101011001011,
000 00 1011000101 110111, wie 101001 (10001010013101100 01000001
310101 0010 100000.

Saqr. Β1110, Ηο11 80101011, 1000101101 1101110110 001303000.
11031 1011, Ηο11 Simplicio, kann 0100 010 010101000010100, 0000
010 (10001110013101100 1011110100οΒ1οἱ 010001100 00100, 11000
010 10 010 000 0010001100 0030011010 01010101030101100000,
01010 3101010 111003011οο 10101100 000 3101010 1110100 10 31010100
101100 1011011030οῗ

Simpl. 0010011001οἱ0 1000111011010, 00011000 1000 0010
1100100100100.

Saqr. Nun 10001101100 010 Ρο0001 00 (1100 0001 50 000130,
0001 10 00010, 4, 2 (1100, 000 1100010100 00 (1100 101001-
10300, 3011000100 010 0010 3101010 10110οι 00000110 300011011
101 Βο300 100 50 (110οῑ 1110001 00000110 101 30, 10 u. 010,
001000 001110001 1000 0111010 (1101011011 001 (10001010013101100
101001101110110100 (11001 00000110 3111 1111 010 Βο300 100
10 (1100 0. 01. 11101 0101111101010011101, 010 (10001110013-

 

