1111 - (1611166 11611161,

6166661 116 6661661, 1666, 16116116616 im 116666616166, 661 16
166116666616661661661161161611, 6166 616 661666 sagon,

durch sein (1661611 166 166 6166616661166 1116666 6666161661, 116
11616616 1661166161616 (16616111616 661 6161 6166 Belastung
1611666166 im 1166666 66161166 11666; 611616 166 661611 1661
61611116,1666 6666 6661 11611666166 61611 16166161 666166
6611166, 66 6161 116661166 1661661161661666. 11616611166166
1161166111666, 66666 616 616 Β61166, 61611 661666 genug sein
661 6661 im 1166666 6161 6661661 11661 116666 Meinung 116116
66161 6166 grosse Masso 6161 61611 66161166116666.

Salv. Um 1166616116666166616663666,1111616111661
mir zu sagon, 61116 166616116616 611116 66166661 im Wasser
habt 66166 66166, 6166 1666 616 616166, 6166 6616161666 66166
6166 166661666 1616166666166666661

simpl. 166111611611166 6166 6616 16166616 116661616666.

Salv. Nun, 6666 116116616 611116 66166661 im 1166666

6661666666 116666, 66 1616616166, 1666 11666661116616611661611 ,

1666 166 11666666 616161 661, 661 6666 16116666 1116666 61666166
116116 66166666 6161166666 6161, 6666616666 661166611666116166
661666 666 3661666666 66661166166 (1661611 6661666666, 161611
616 (1161616661611 661616166 11666. 11161 6166 11611666166
66166666, 66 6616666 16611616616166 661666 Organa 16161166
6616, 661 11666161616666 616166 66111166616161116161166666 116
8616666 16611666166, 6166 616116111666661116666 166 (16666-
11611 666 1666 gehen, was 116 116 1161111666 66166166 6661,
61611611666161161616666 166 11666166 6111661, 116116666661611
und das des umlagernden 1161661666 66 tragon. 116166 661616161
666 166 Widerspruoh und wir 66166666, 1666166 1166666 1116666-
thiera 16616166116666,61611616666116611616, 1. 1. 161661611.

simpl. 161 116 viillig beruhigt, und 6616116 666 1666661166,
1666 616 61611 666 1111116666 61611666 von 1611116666 66666166
6611166, 1666 16 16611 16166 116661166, 666 Luft 6161 616 66666166
661 16611 athmon 616.

61696. Η6666 Simplicio’s Einwand 661 11666 Widerlegung
161 mir 6616 66161166. 161 616616 1166611666 66 6616666, 1666
6166 166 616666161166 1166666111666, 66616661 mogon, 6161 6161-
1616116161116666 66161166 611616, 1666 116166116166666 166
11666166 6666116166 661 1661116661 66666616611666166 61616.

Salv. 1616116116 16666116 6166166 661 1116116166 61616
6161 mit 166 111666666111166 66616666, 116 im 1166666 61611 16661
166 1116663661611 66661161 666166, 16616 166 Belastung mit
1166666 661 (1666166666, 6616661 6166611666116616661666166

 

