12 (10111001011101. ’

11110001001001, 00 1000 110 01000 Ρ10110 110 001000100300 1000,
0001 0000 10101000 30000 001001000101. 01100100 1000101000
100 100 1100100100 Natu, 001101 anf 10000 1011 100 100000
110000 00 000100000, 100 00100100 beiden 001010100 01010, 10000·
110 0003010010 1011 100001100 0001111100 100010. 0100101011
man, 1000, 0000 110 beiden Plutten 010110010 31011 001101 01000,
00 1000 010 000030110110000010010101110010, 100010001011003-
000000 ’10000003 300 1010 Widerstund 1000001100 0100, ausser

dem durch 100113003001011 100 Ρ10110 101103100; 0100 101 ,

001001100 10101003 100· 010000 Ρ10110 10131 110 001000 1001, um
allerdinge 01001011 01010000 dullen, 1000 010 10131 nur 0010030
Zeit hindureh, 010· 011113 000010101, um 110110100 (1000111101,
110 00100100 100 Ρ101100 0001000100 000, 0000100010000010100,
(1000 110 Ρ101100 0000100 0001 00000001000000010003 01011301
zusammen), nm 0000010011 1001101011100 3001001100. 80101010
11110001οη1, 100 00 1111100 00100100 100 Ρ101100 010100131, 101 ·
0100 1001101 0001 00100100 1001101100 010001001οη 11100000
verbunden, und ist 0000 Τ1011 0001301000 010 0110101001οτ1100-
stand 11000 Zusammenhafteus. ’

Saqr. 11110, 101101 010, 001 3001001101 mir eine Βο100011003

¹ 011001101100, 110 mir genade 00010010111111ῑ 00001101 10110

001000 Ρ10110 100 010000 10131, 001 00001010010 0010011οτ Be-
003003100 101010000, 000010101 00 mir 1100, 1000, 00130300 100
Behuuptnngen 100 Philosophen und 0101101011300 100 Aristoteles,
010010003003 im Vennum 0101100000010001011110100 0001ος
1000 0100 1010100001001011, 00 00100100 10110 Ρ101100 0100 jeg-
liehen Wideretund 0101 1000000, 0011 1000011010110000000130-

01300 mdeste, 010 00 1000000 001100011001010111100000- 2

301001001011 1001000000 0000011100, 100 00100100 100 Ρ101100
001010100 110010. Danaus, 1000 110101011101 110 001000 Ρ10110
10131, 101 00 0011100000, 1000 1011000000 die Bewegung 01011
nomentan 0010 kenne, 001 00310101, 1000 00100100 beiden Platteu
0101100000 00101011, 110 1000010110001301000, 00001101 110 die-
jenige, 110 10 100 Βο003003 100 1100301003 0000100101100100100
1001010101θο 0011100301οη 100 Vueunms3 1000 100000, 0000
1010 Vauuum entstdnde, 0000 00100 000101011100001000 100
Βο003003 100 1100301003 00 00100 10000110. Man 00000 0100
00300, 1000 3000100010001 110 Vehemenz 1010003003, 0100
0100 00130300 011000 1010030001 0101 100100000111101101-
0011, 010 101 000100, 1010 Ding 30300 1101101οι· 0010 1000, 000-
3000000οο 1001001311010, 0010100 010010010110100001000001).
Hier 01001010 1010100 001000 801010031011, 00001101 die, 1000

 

