Unterredungen und (6611666116116 ’1166666166116666 616. 17

nuf‚.damih 66 (116 666611166616, dieser aber 66661616616, 6616116
616116, 616 1666 166 1166666, welches 66116161616, 61611661
661616 Ηό16 6616166 66616611666; 661 66161616 11666, 1666
66166 mit Pumpen, 6661 6116616666 1166611666, 116 166 1166666
16661 1116661166 16166, 66 66161161 661, 16666116 616 Η666 16611
mehr als 18111166 ansteigen 66 166666, 661 66166 116 Pumpen
weit 6166 666. 66 116116 116666 116 1166666616 Η6111116. 1161161
1616 116166 616116616661, 1666616666 616 6168161616, 6166 Η616-Ι
666666 661 61611666616166 616616661166661 6616611666166116-
666116 661116661161 166 616666 (1661611616 666661661, 1666 16666116
6661 6161 16161166 16161666111616 6661166666 616166166 muse·
Denn was 161 66 6616666, 6666666661611 in der Saugpumpe,
616 616 (16116166 6611 1166666, 161 616666166 Β6166116666 161
’661 666 1661661 166166611666616161, 116 116166166 (166666 6τέ
6616116161, fiber welche 116666 ’161 666166116666166116666666
116116616661616666661661, 616 616 Sene ’

Sal . (16666 66 66611116161 11616616, 6616611 11666 Η116·
666 18 1111666166 1666666666 6661611, 11666 6616166161616-
1161166 116666666666, 16 661166, engen 6166 6616 engen 1111666,
66 6666166161166116166, 6161 6616166 kann, 66 6661666616Ι
61616, 6666616 1166661166666 61661, 6611166116 18 Ellen Η116
6611611616 666, ’61666161 61 166 11666661611166666 6166161616 666,-
61· werden, 6666 161, 61616 (166 116611 1661111666166166 haben,
den 166 Vennum 166116161 16 616666 166166 (16116166 666166661
6616166 1616616, 6666 161616666 666 616666 11616161,616166
166666 Lumen 1661111166. 1161 61616161 616 66166 66 6161 11611161
666166161116166, wellen 616 16616 6661661666, 616 ven all den
Metallen, Steinen‚ Η116666, (1116666 616. 6661616111616611666,
11666 661616611666 man 61666 16166 06116166 1616666 kann,

' 66166 66 1161116 6166 81116 666 1611611666111616;11666616166

Β61666 116666116661166 1616166 166 61666661661 1666166
66166166. 11616666 816 6. Β. 616661661666661166116661611611666
Lange, 1616611666 116 166 61666 116166616666161666, 661 16·-1
1661666116 166 661666 11616 1666666 mehr 661 mehr, 116166116611
661661, 661 661 166 Μ66166616661611 50 Ρ1661 6661666, 66 16166
1166, 1666 50 Ρ1661 Kupfer 6666 1116666661611166 11661166,
6616166 6166 11611666 1616666,11666661161, 661 16116611166
666111166 Sorte 6666666666116 1661661166661661661666
Κ661661661166 6661116, 1666161 666616 6661161161 1666. hiessen
116 6161666, 616 1666166 16166 666, 6616166 6666166, 66661 6ῑ. Β.

1161166611 16 66 11811666 666 661 1666 6161 66116166150 Ρ1661 '

1666 1666, 6616166 =-·- 48011 ΙΑ6116166666 6161, 66 161611166666, ’
666666 manner. 11. ἱ 2

 

